179
254
51
113
134
190
224
158
31
247
91
130
6
97
122
121
126
181
104
14
171
5
197
189
260
38
71
223
237
21
60
37
34
192
29
196
23
132
202
92
244
219
249
239
18
188
131
213
204
194
259
145
33
7
165
63
187
115
117
238
191
100
125
157
94
76
183
230
241
50
256
25
162
120
199
186
54
112
151
220
99
108
229
209
87
265
24
12
107
261
155
22
44
166
182
242
82
98
84
42
68
64
77
174
110
193
150
90
62
4
164
264
3
48
8
69
72
255
140
85
45
124
200
136
111
2
177
41
65
185
55
86
228
211
235
35
53
106
176
114
198
138
246
170
133
17
159
227
195
93
109
221
206
116
105
75
74
56
148
236
203
240
102
20
215
57
226
147
250
217
144
210
46
163
128
101
222
231
28
257
143
16
233
96
58
169
123
40
15
139
43
152
39
10
156
47
32
172
52
262
9
173
70
232
218
216
119
78
184
234
205
127
88
167
49
73
79
95
146
207
178
251
118
225
149
180
258
243
66
252
153
214
142
137
141
175
245
201
1
67
248
168
161
36
59
26
154
30
253
129
83
80
89
81
160
19
263
11
13
135
61
212
27
208