173
183
139
190
64
32
108
225
91
189
170
229
121
146
46
216
222
252
243
193
122
184
104
62
88
248
221
100
257
118
56
246
209
36
262
138
12
85
127
251
30
158
154
6
48
157
111
255
188
93
37
5
126
65
26
220
212
107
249
49
34
106
211
162
67
55
133
102
195
215
120
15
24
171
167
253
260
206
18
165
241
8
265
116
208
150
169
182
119
230
68
218
175
174
231
140
25
95
239
52
149
63
9
185
61
228
39
47
134
148
226
16
72
38
201
96
164
254
41
217
29
227
178
259
141
33
124
84
223
129
196
79
143
155
94
2
263
191
159
136
145
22
57
105
247
242
197
192
27
101
172
135
17
156
99
132
153
98
160
58
113
166
144
69
261
76
186
78
70
20
240
114
89
74
244
75
219
131
194
73
232
130
14
207
250
161
233
237
203
81
125
256
204
31
234
123
214
92
44
199
43
224
142
66
90
77
83
40
35
238
50
117
176
163
177
11
210
180
264
42
202
19
109
51
4
137
205
128
54
45
147
235
60
21
200
1
112
53
236
198
23
179
10
168
213
13
59
152
115
97
3
187
80
87
181
7
71
151
82
245
86
28
258